4 | 2 | 3 | 5 | 6 | 3 | 2 | 4 | 
---------------------------------
1 | 1 | 1 | 1 | 1 | 1 | 1 | 1 | 
---------------------------------
0 | 0 | 0 | 0 | 0 | 0 | 0 | 0 | 
---------------------------------
0 | 0 | 0 | 0 | 0 | 0 | 0 | 0 | 
---------------------------------
0 | 0 | 0 | 0 | 0 | 0 | 0 | 0 | 
-------------------------------
0 | 0 | 0 | 0 | 0 | 0 | 0 | 0 | 
---------------------------------
-1| -1| -1| -1| -1| -1| -1| -1| 
---------------------------------
-4| -2| -3| -5| -6| -3| -2| -4| 
---------------------------------
time 30000
599896944 219004 | 2 | 3 | 5 | 6 | 3 | 2 | 4 | 
---------------------------------
1 | 1 | 1 | 1 | 1 | 1 | 1 | 1 | 
---------------------------------
0 | 0 | 0 | 0 | 0 | 0 | 0 | 0 | 
---------------------------------
0 | 0 | 0 | 0 | 0 | 0 | 0 | 0 | 
---------------------------------
0 | 0 | 0 | 0 | 0 | 0 | 0 | 0 | 
---------------------------------
0 | 0 | 0 | 0 | 0 | 0 | 0 | 0 | 
---------------------------------
-1| -1| -1| -1| -1| -1| -1| -1| 
---------------------------------
-4| -2| -3| -5| -6| -3| -2| -4| 
---------------------------------
otim 30000
30000 219004 | 2 | 3 | 5 | 6 | 3 | 2 | 4 | 
---------------------------------
1 | 1 | 1 | 1 | 1 | 1 | 1 | 1 | 
---------------------------------
0 | 0 | 0 | 0 | 0 | 0 | 0 | 0 | 
---------------------------------
0 | 0 | 0 | 0 | 0 | 0 | 0 | 0 | 
---------------------------------
0 | 0 | 0 | 0 | 0 | 0 | 0 | 0 | 
---------------------------------
0 | 0 | 0 | 0 | 0 | 0 | 0 | 0 | 
---------------------------------
-1| -1| -1| -1| -1| -1| -1| -1| 
---------------------------------
-4| -2| -3| -5| -6| -3| -2| -4| 
---------------------------------
f2f3
30000 300004 | 2 | 3 | 5 | 6 | 3 | 2 | 4 | 
---------------------------------
0 | 1 | 1 | 1 | 1 | 1 | 1 | 1 | 
---------------------------------
1 | 0 | 0 | 0 | 0 | 0 | 0 | 0 | 
---------------------------------
0 | 0 | 0 | 0 | 0 | 0 | 0 | 0 | 
---------------------------------
0 | 0 | 0 | 0 | 0 | 0 | 0 | 0 | 
---------------------------------
0 | 0 | 0 | 0 | 0 | -1| 0 | 0 | 
---------------------------------
-1| -1| -1| -1| -1| 0 | -1| -1| 
---------------------------------
-4| -2| -3| -5| -6| -3| -2| -4| 
---------------------------------
time 29999
30000 300004 | 2 | 3 | 5 | 6 | 3 | 2 | 4 | 
---------------------------------
0 | 1 | 1 | 1 | 1 | 1 | 1 | 1 | 
---------------------------------
1 | 0 | 0 | 0 | 0 | 0 | 0 | 0 | 
---------------------------------
0 | 0 | 0 | 0 | 0 | 0 | 0 | 0 | 
---------------------------------
0 | 0 | 0 | 0 | 0 | 0 | 0 | 0 | 
---------------------------------
0 | 0 | 0 | 0 | 0 | -1| 0 | 0 | 
---------------------------------
-1| -1| -1| -1| -1| 0 | -1| -1| 
---------------------------------
-4| -2| -3| -5| -6| -3| -2| -4| 
---------------------------------
otim 29886
29999 300004 | 2 | 3 | 5 | 6 | 3 | 2 | 4 | 
---------------------------------
0 | 1 | 1 | 1 | 1 | 1 | 1 | 1 | 
---------------------------------
1 | 0 | 0 | 0 | 0 | 0 | 0 | 0 | 
---------------------------------
0 | 0 | 0 | 0 | 0 | 0 | 0 | 0 | 
---------------------------------
0 | 0 | 0 | 0 | 0 | 0 | 0 | 0 | 
---------------------------------
0 | 0 | 0 | 0 | 0 | -1| 0 | 0 | 
---------------------------------
-1| -1| -1| -1| -1| 0 | -1| -1| 
---------------------------------
-4| -2| -3| -5| -6| -3| -2| -4| 
---------------------------------
e2e3
29999 298864 | 2 | 3 | 5 | 6 | 3 | 2 | 4 | 
---------------------------------
0 | 0 | 1 | 1 | 1 | 1 | 1 | 1 | 
---------------------------------
1 | 1 | 0 | 0 | 0 | 0 | 0 | 0 | 
---------------------------------
0 | 0 | 0 | 0 | 0 | 0 | 0 | 0 | 
---------------------------------
0 | 0 | 0 | 0 | 0 | 0 | 0 | 0 | 
---------------------------------
0 | 0 | 0 | 0 | -1| -1| 0 | 0 | 
---------------------------------
-1| -1| -1| -1| 0 | 0 | -1| -1| 
---------------------------------
-4| -2| -3| -5| -6| -3| -2| -4| 
---------------------------------
time 29999
29999 298864 | 2 | 3 | 5 | 6 | 3 | 2 | 4 | 
---------------------------------
0 | 0 | 1 | 1 | 1 | 1 | 1 | 1 | 
---------------------------------
1 | 1 | 0 | 0 | 0 | 0 | 0 | 0 | 
---------------------------------
0 | 0 | 0 | 0 | 0 | 0 | 0 | 0 | 
---------------------------------
0 | 0 | 0 | 0 | 0 | 0 | 0 | 0 | 
---------------------------------
0 | 0 | 0 | 0 | -1| -1| 0 | 0 | 
---------------------------------
-1| -1| -1| -1| 0 | 0 | -1| -1| 
---------------------------------
-4| -2| -3| -5| -6| -3| -2| -4| 
---------------------------------
otim 29783
29999 298864 | 2 | 3 | 5 | 6 | 3 | 2 | 4 | 
---------------------------------
0 | 0 | 1 | 1 | 1 | 1 | 1 | 1 | 
---------------------------------
1 | 1 | 0 | 0 | 0 | 0 | 0 | 0 | 
---------------------------------
0 | 0 | 0 | 0 | 0 | 0 | 0 | 0 | 
---------------------------------
0 | 0 | 0 | 0 | 0 | 0 | 0 | 0 | 
---------------------------------
0 | 0 | 0 | 0 | -1| -1| 0 | 0 | 
---------------------------------
-1| -1| -1| -1| 0 | 0 | -1| -1| 
---------------------------------
-4| -2| -3| -5| -6| -3| -2| -4| 
---------------------------------
d2d4
29999 297834 | 2 | 3 | 5 | 6 | 3 | 2 | 4 | 
---------------------------------
0 | 0 | 0 | 1 | 1 | 1 | 1 | 1 | 
---------------------------------
1 | 1 | 1 | 0 | 0 | 0 | 0 | 0 | 
---------------------------------
0 | 0 | 0 | 0 | 0 | 0 | 0 | 0 | 
---------------------------------
0 | 0 | 0 | -1| 0 | 0 | 0 | 0 | 
---------------------------------
0 | 0 | 0 | 0 | -1| -1| 0 | 0 | 
---------------------------------
-1| -1| -1| 0 | 0 | 0 | -1| -1| 
---------------------------------
-4| -2| -3| -5| -6| -3| -2| -4| 
---------------------------------
time 29998
29999 297834 | 2 | 3 | 5 | 6 | 3 | 2 | 4 | 
---------------------------------
0 | 0 | 0 | 1 | 1 | 1 | 1 | 1 | 
---------------------------------
1 | 1 | 1 | 0 | 0 | 0 | 0 | 0 | 
---------------------------------
0 | 0 | 0 | 0 | 0 | 0 | 0 | 0 | 
---------------------------------
0 | 0 | 0 | -1| 0 | 0 | 0 | 0 | 
---------------------------------
0 | 0 | 0 | 0 | -1| -1| 0 | 0 | 
---------------------------------
-1| -1| -1| 0 | 0 | 0 | -1| -1| 
---------------------------------
-4| -2| -3| -5| -6| -3| -2| -4| 
---------------------------------
otim 29671
29998 297834 | 2 | 3 | 5 | 6 | 3 | 2 | 4 | 
---------------------------------
0 | 0 | 0 | 1 | 1 | 1 | 1 | 1 | 
---------------------------------
1 | 1 | 1 | 0 | 0 | 0 | 0 | 0 | 
---------------------------------
0 | 0 | 0 | 0 | 0 | 0 | 0 | 0 | 
---------------------------------
0 | 0 | 0 | -1| 0 | 0 | 0 | 0 | 
---------------------------------
0 | 0 | 0 | 0 | -1| -1| 0 | 0 | 
---------------------------------
-1| -1| -1| 0 | 0 | 0 | -1| -1| 
---------------------------------
-4| -2| -3| -5| -6| -3| -2| -4| 
---------------------------------
c2c4
29998 296714 | 2 | 3 | 5 | 6 | 3 | 2 | 4 | 
---------------------------------
0 | 0 | 0 | 0 | 1 | 1 | 1 | 1 | 
---------------------------------
1 | 1 | 1 | 1 | 0 | 0 | 0 | 0 | 
---------------------------------
0 | 0 | 0 | 0 | 0 | 0 | 0 | 0 | 
---------------------------------
0 | 0 | -1| -1| 0 | 0 | 0 | 0 | 
---------------------------------
0 | 0 | 0 | 0 | -1| -1| 0 | 0 | 
---------------------------------
-1| -1| 0 | 0 | 0 | 0 | -1| -1| 
---------------------------------
-4| -2| -3| -5| -6| -3| -2| -4| 
---------------------------------
time 29998
29998 296714 | 2 | 3 | 5 | 6 | 3 | 2 | 4 | 
---------------------------------
0 | 0 | 0 | 0 | 1 | 1 | 1 | 1 | 
---------------------------------
1 | 1 | 1 | 1 | 0 | 0 | 0 | 0 | 
---------------------------------
0 | 0 | 0 | 0 | 0 | 0 | 0 | 0 | 
---------------------------------
0 | 0 | -1| -1| 0 | 0 | 0 | 0 | 
---------------------------------
0 | 0 | 0 | 0 | -1| -1| 0 | 0 | 
---------------------------------
-1| -1| 0 | 0 | 0 | 0 | -1| -1| 
---------------------------------
-4| -2| -3| -5| -6| -3| -2| -4| 
---------------------------------
otim 29547
29998 296714 | 2 | 3 | 5 | 6 | 3 | 2 | 4 | 
---------------------------------
0 | 0 | 0 | 0 | 1 | 1 | 1 | 1 | 
---------------------------------
1 | 1 | 1 | 1 | 0 | 0 | 0 | 0 | 
---------------------------------
0 | 0 | 0 | 0 | 0 | 0 | 0 | 0 | 
---------------------------------
0 | 0 | -1| -1| 0 | 0 | 0 | 0 | 
---------------------------------
0 | 0 | 0 | 0 | -1| -1| 0 | 0 | 
---------------------------------
-1| -1| 0 | 0 | 0 | 0 | -1| -1| 
---------------------------------
-4| -2| -3| -5| -6| -3| -2| -4| 
---------------------------------
b2b4
29998 295474 | 2 | 3 | 5 | 6 | 3 | 2 | 4 | 
---------------------------------
0 | 0 | 0 | 0 | 0 | 1 | 1 | 1 | 
---------------------------------
1 | 1 | 1 | 1 | 1 | 0 | 0 | 0 | 
---------------------------------
0 | 0 | 0 | 0 | 0 | 0 | 0 | 0 | 
---------------------------------
0 | -1| -1| -1| 0 | 0 | 0 | 0 | 
---------------------------------
0 | 0 | 0 | 0 | -1| -1| 0 | 0 | 
---------------------------------
-1| 0 | 0 | 0 | 0 | 0 | -1| -1| 
---------------------------------
-4| -2| -3| -5| -6| -3| -2| -4| 
---------------------------------
time 29998
29998 295474 | 2 | 3 | 5 | 6 | 3 | 2 | 4 | 
---------------------------------
0 | 0 | 0 | 0 | 0 | 1 | 1 | 1 | 
---------------------------------
1 | 1 | 1 | 1 | 1 | 0 | 0 | 0 | 
---------------------------------
0 | 0 | 0 | 0 | 0 | 0 | 0 | 0 | 
---------------------------------
0 | -1| -1| -1| 0 | 0 | 0 | 0 | 
---------------------------------
0 | 0 | 0 | 0 | -1| -1| 0 | 0 | 
---------------------------------
-1| 0 | 0 | 0 | 0 | 0 | -1| -1| 
---------------------------------
-4| -2| -3| -5| -6| -3| -2| -4| 
---------------------------------
otim 29436
29998 295474 | 2 | 3 | 5 | 6 | 3 | 2 | 4 | 
---------------------------------
0 | 0 | 0 | 0 | 0 | 1 | 1 | 1 | 
---------------------------------
1 | 1 | 1 | 1 | 1 | 0 | 0 | 0 | 
---------------------------------
0 | 0 | 0 | 0 | 0 | 0 | 0 | 0 | 
---------------------------------
0 | -1| -1| -1| 0 | 0 | 0 | 0 | 
---------------------------------
0 | 0 | 0 | 0 | -1| -1| 0 | 0 | 
---------------------------------
-1| 0 | 0 | 0 | 0 | 0 | -1| -1| 
---------------------------------
-4| -2| -3| -5| -6| -3| -2| -4| 
---------------------------------
c4c5
29998 294364 | 2 | 3 | 5 | 6 | 3 | 2 | 4 | 
---------------------------------
0 | 0 | 0 | 0 | 0 | 0 | 1 | 1 | 
---------------------------------
1 | 1 | 1 | 1 | 1 | 1 | 0 | 0 | 
---------------------------------
0 | 0 | -1| 0 | 0 | 0 | 0 | 0 | 
---------------------------------
0 | -1| 0 | -1| 0 | 0 | 0 | 0 | 
---------------------------------
0 | 0 | 0 | 0 | -1| -1| 0 | 0 | 
---------------------------------
-1| 0 | 0 | 0 | 0 | 0 | -1| -1| 
---------------------------------
-4| -2| -3| -5| -6| -3| -2| -4| 
---------------------------------
time 29997
29998 294364 | 2 | 3 | 5 | 6 | 3 | 2 | 4 | 
---------------------------------
0 | 0 | 0 | 0 | 0 | 0 | 1 | 1 | 
---------------------------------
1 | 1 | 1 | 1 | 1 | 1 | 0 | 0 | 
---------------------------------
0 | 0 | -1| 0 | 0 | 0 | 0 | 0 | 
---------------------------------
0 | -1| 0 | -1| 0 | 0 | 0 | 0 | 
---------------------------------
0 | 0 | 0 | 0 | -1| -1| 0 | 0 | 
---------------------------------
-1| 0 | 0 | 0 | 0 | 0 | -1| -1| 
---------------------------------
-4| -2| -3| -5| -6| -3| -2| -4| 
---------------------------------
otim 29266
29997 294364 | 2 | 3 | 5 | 6 | 3 | 2 | 4 | 
---------------------------------
0 | 0 | 0 | 0 | 0 | 0 | 1 | 1 | 
---------------------------------
1 | 1 | 1 | 1 | 1 | 1 | 0 | 0 | 
---------------------------------
0 | 0 | -1| 0 | 0 | 0 | 0 | 0 | 
---------------------------------
0 | -1| 0 | -1| 0 | 0 | 0 | 0 | 
---------------------------------
0 | 0 | 0 | 0 | -1| -1| 0 | 0 | 
---------------------------------
-1| 0 | 0 | 0 | 0 | 0 | -1| -1| 
---------------------------------
-4| -2| -3| -5| -6| -3| -2| -4| 
---------------------------------
f3f4
29997 292664 | 2 | 3 | 5 | 6 | 3 | 2 | 4 | 
---------------------------------
0 | 0 | 0 | 0 | 0 | 0 | 0 | 1 | 
---------------------------------
1 | 1 | 1 | 1 | 1 | 1 | 1 | 0 | 
---------------------------------
0 | 0 | -1| 0 | 0 | 0 | 0 | 0 | 
---------------------------------
0 | -1| 0 | -1| 0 | -1| 0 | 0 | 
---------------------------------
0 | 0 | 0 | 0 | -1| 0 | 0 | 0 | 
---------------------------------
-1| 0 | 0 | 0 | 0 | 0 | -1| -1| 
---------------------------------
-4| -2| -3| -5| -6| -3| -2| -4| 
---------------------------------
time 29997
29997 292664 | 2 | 3 | 5 | 6 | 3 | 2 | 4 | 
---------------------------------
0 | 0 | 0 | 0 | 0 | 0 | 0 | 1 | 
---------------------------------
1 | 1 | 1 | 1 | 1 | 1 | 1 | 0 | 
---------------------------------
0 | 0 | -1| 0 | 0 | 0 | 0 | 0 | 
---------------------------------
0 | -1| 0 | -1| 0 | -1| 0 | 0 | 
---------------------------------
0 | 0 | 0 | 0 | -1| 0 | 0 | 0 | 
---------------------------------
-1| 0 | 0 | 0 | 0 | 0 | -1| -1| 
---------------------------------
-4| -2| -3| -5| -6| -3| -2| -4| 
---------------------------------
otim 29140
29997 292664 | 2 | 3 | 5 | 6 | 3 | 2 | 4 | 
---------------------------------
0 | 0 | 0 | 0 | 0 | 0 | 0 | 1 | 
---------------------------------
1 | 1 | 1 | 1 | 1 | 1 | 1 | 0 | 
---------------------------------
0 | 0 | -1| 0 | 0 | 0 | 0 | 0 | 
---------------------------------
0 | -1| 0 | -1| 0 | -1| 0 | 0 | 
---------------------------------
0 | 0 | 0 | 0 | -1| 0 | 0 | 0 | 
---------------------------------
-1| 0 | 0 | 0 | 0 | 0 | -1| -1| 
---------------------------------
-4| -2| -3| -5| -6| -3| -2| -4| 
---------------------------------
g1f3
29997 291404 | 2 | 3 | 5 | 6 | 3 | 2 | 4 | 
---------------------------------
0 | 0 | 0 | 0 | 0 | 0 | 0 | 0 | 
---------------------------------
1 | 1 | 1 | 1 | 1 | 1 | 1 | 1 | 
---------------------------------
0 | 0 | -1| 0 | 0 | 0 | 0 | 0 | 
---------------------------------
0 | -1| 0 | -1| 0 | -1| 0 | 0 | 
---------------------------------
0 | 0 | 0 | 0 | -1| -2| 0 | 0 | 
---------------------------------
-1| 0 | 0 | 0 | 0 | 0 | -1| -1| 
---------------------------------
-4| -2| -3| -5| -6| -3| 0 | -4| 
---------------------------------
time 29997
29997 291404 | 2 | 3 | 5 | 6 | 3 | 2 | 4 | 
---------------------------------
0 | 0 | 0 | 0 | 0 | 0 | 0 | 0 | 
---------------------------------
1 | 1 | 1 | 1 | 1 | 1 | 1 | 1 | 
---------------------------------
0 | 0 | -1| 0 | 0 | 0 | 0 | 0 | 
---------------------------------
0 | -1| 0 | -1| 0 | -1| 0 | 0 | 
---------------------------------
0 | 0 | 0 | 0 | -1| -2| 0 | 0 | 
---------------------------------
-1| 0 | 0 | 0 | 0 | 0 | -1| -1| 
---------------------------------
-4| -2| -3| -5| -6| -3| 0 | -4| 
---------------------------------
otim 29011
29997 291404 | 2 | 3 | 5 | 6 | 3 | 2 | 4 | 
---------------------------------
0 | 0 | 0 | 0 | 0 | 0 | 0 | 0 | 
---------------------------------
1 | 1 | 1 | 1 | 1 | 1 | 1 | 1 | 
---------------------------------
0 | 0 | -1| 0 | 0 | 0 | 0 | 0 | 
---------------------------------
0 | -1| 0 | -1| 0 | -1| 0 | 0 | 
---------------------------------
0 | 0 | 0 | 0 | -1| -2| 0 | 0 | 
---------------------------------
-1| 0 | 0 | 0 | 0 | 0 | -1| -1| 
---------------------------------
-4| -2| -3| -5| -6| -3| 0 | -4| 
---------------------------------
h1g1
29997 290114 | 2 | 3 | 5 | 6 | 3 | 2 | 4 | 
---------------------------------
0 | 0 | 0 | 0 | 0 | 0 | 0 | 0 | 
---------------------------------
0 | 1 | 1 | 1 | 1 | 1 | 1 | 1 | 
---------------------------------
1 | 0 | -1| 0 | 0 | 0 | 0 | 0 | 
---------------------------------
0 | -1| 0 | -1| 0 | -1| 0 | 0 | 
---------------------------------
0 | 0 | 0 | 0 | -1| -2| 0 | 0 | 
---------------------------------
-1| 0 | 0 | 0 | 0 | 0 | -1| -1| 
---------------------------------
-4| -2| -3| -5| -6| -3| -4| 0 | 
---------------------------------
time 29997
29997 290114 | 2 | 3 | 5 | 6 | 3 | 2 | 4 | 
---------------------------------
0 | 0 | 0 | 0 | 0 | 0 | 0 | 0 | 
---------------------------------
0 | 1 | 1 | 1 | 1 | 1 | 1 | 1 | 
---------------------------------
1 | 0 | -1| 0 | 0 | 0 | 0 | 0 | 
---------------------------------
0 | -1| 0 | -1| 0 | -1| 0 | 0 | 
---------------------------------
0 | 0 | 0 | 0 | -1| -2| 0 | 0 | 
---------------------------------
-1| 0 | 0 | 0 | 0 | 0 | -1| -1| 
---------------------------------
-4| -2| -3| -5| -6| -3| -4| 0 | 
---------------------------------
otim 28764
29997 290114 | 2 | 3 | 5 | 6 | 3 | 2 | 4 | 
---------------------------------
0 | 0 | 0 | 0 | 0 | 0 | 0 | 0 | 
---------------------------------
0 | 1 | 1 | 1 | 1 | 1 | 1 | 1 | 
---------------------------------
1 | 0 | -1| 0 | 0 | 0 | 0 | 0 | 
---------------------------------
0 | -1| 0 | -1| 0 | -1| 0 | 0 | 
---------------------------------
0 | 0 | 0 | 0 | -1| -2| 0 | 0 | 
---------------------------------
-1| 0 | 0 | 0 | 0 | 0 | -1| -1| 
---------------------------------
-4| -2| -3| -5| -6| -3| -4| 0 | 
---------------------------------
h2h3
29997 287644 | 2 | 3 | 5 | 6 | 3 | 2 | 4 | 
---------------------------------
0 | 0 | 0 | 0 | 0 | 0 | 0 | 0 | 
---------------------------------
0 | 0 | 1 | 1 | 1 | 1 | 1 | 1 | 
---------------------------------
1 | 1 | -1| 0 | 0 | 0 | 0 | 0 | 
---------------------------------
0 | -1| 0 | -1| 0 | -1| 0 | 0 | 
---------------------------------
0 | 0 | 0 | 0 | -1| -2| 0 | -1| 
---------------------------------
-1| 0 | 0 | 0 | 0 | 0 | -1| 0 | 
---------------------------------
-4| -2| -3| -5| -6| -3| -4| 0 | 
---------------------------------
time 29996
29997 287644 | 2 | 3 | 5 | 6 | 3 | 2 | 4 | 
---------------------------------
0 | 0 | 0 | 0 | 0 | 0 | 0 | 0 | 
---------------------------------
0 | 0 | 1 | 1 | 1 | 1 | 1 | 1 | 
---------------------------------
1 | 1 | -1| 0 | 0 | 0 | 0 | 0 | 
---------------------------------
0 | -1| 0 | -1| 0 | -1| 0 | 0 | 
---------------------------------
0 | 0 | 0 | 0 | -1| -2| 0 | -1| 
---------------------------------
-1| 0 | 0 | 0 | 0 | 0 | -1| 0 | 
---------------------------------
-4| -2| -3| -5| -6| -3| -4| 0 | 
---------------------------------
otim 28597
29996 287644 | 2 | 3 | 5 | 6 | 3 | 2 | 4 | 
---------------------------------
0 | 0 | 0 | 0 | 0 | 0 | 0 | 0 | 
---------------------------------
0 | 0 | 1 | 1 | 1 | 1 | 1 | 1 | 
---------------------------------
1 | 1 | -1| 0 | 0 | 0 | 0 | 0 | 
---------------------------------
0 | -1| 0 | -1| 0 | -1| 0 | 0 | 
---------------------------------
0 | 0 | 0 | 0 | -1| -2| 0 | -1| 
---------------------------------
-1| 0 | 0 | 0 | 0 | 0 | -1| 0 | 
---------------------------------
-4| -2| -3| -5| -6| -3| -4| 0 | 
---------------------------------
g2g4
29996 285974 | 2 | 3 | 5 | 6 | 3 | 2 | 4 | 
---------------------------------
0 | 0 | 0 | 0 | 0 | 0 | 0 | 0 | 
---------------------------------
0 | 0 | 1 | 0 | 1 | 1 | 1 | 1 | 
---------------------------------
1 | 1 | -1| 1 | 0 | 0 | 0 | 0 | 
---------------------------------
0 | -1| 0 | -1| 0 | -1| -1| 0 | 
---------------------------------
0 | 0 | 0 | 0 | -1| -2| 0 | -1| 
---------------------------------
-1| 0 | 0 | 0 | 0 | 0 | 0 | 0 | 
---------------------------------
-4| -2| -3| -5| -6| -3| -4| 0 | 
---------------------------------
time 29996
29996 285974 | 2 | 3 | 5 | 6 | 3 | 2 | 4 | 
---------------------------------
0 | 0 | 0 | 0 | 0 | 0 | 0 | 0 | 
---------------------------------
0 | 0 | 1 | 0 | 1 | 1 | 1 | 1 | 
---------------------------------
1 | 1 | -1| 1 | 0 | 0 | 0 | 0 | 
---------------------------------
0 | -1| 0 | -1| 0 | -1| -1| 0 | 
---------------------------------
0 | 0 | 0 | 0 | -1| -2| 0 | -1| 
---------------------------------
-1| 0 | 0 | 0 | 0 | 0 | 0 | 0 | 
---------------------------------
-4| -2| -3| -5| -6| -3| -4| 0 | 
---------------------------------
otim 28332
29996 285974 | 2 | 3 | 5 | 6 | 3 | 2 | 4 | 
---------------------------------
0 | 0 | 0 | 0 | 0 | 0 | 0 | 0 | 
---------------------------------
0 | 0 | 1 | 0 | 1 | 1 | 1 | 1 | 
---------------------------------
1 | 1 | -1| 1 | 0 | 0 | 0 | 0 | 
---------------------------------
0 | -1| 0 | -1| 0 | -1| -1| 0 | 
---------------------------------
0 | 0 | 0 | 0 | -1| -2| 0 | -1| 
---------------------------------
-1| 0 | 0 | 0 | 0 | 0 | 0 | 0 | 
---------------------------------
-4| -2| -3| -5| -6| -3| -4| 0 | 
---------------------------------
e3e4
29996 283324 | 2 | 3 | 5 | 6 | 3 | 2 | 4 | 
---------------------------------
0 | 0 | 0 | 0 | 0 | 0 | 0 | 0 | 
---------------------------------
0 | 0 | 1 | 0 | 0 | 1 | 1 | 1 | 
---------------------------------
1 | 1 | -1| 1 | 1 | 0 | 0 | 0 | 
---------------------------------
0 | -1| 0 | -1| -1| -1| -1| 0 | 
---------------------------------
0 | 0 | 0 | 0 | 0 | -2| 0 | -1| 
---------------------------------
-1| 0 | 0 | 0 | 0 | 0 | 0 | 0 | 
---------------------------------
-4| -2| -3| -5| -6| -3| -4| 0 | 
---------------------------------
time 29995
29996 283324 | 2 | 3 | 5 | 6 | 3 | 2 | 4 | 
---------------------------------
0 | 0 | 0 | 0 | 0 | 0 | 0 | 0 | 
---------------------------------
0 | 0 | 1 | 0 | 0 | 1 | 1 | 1 | 
---------------------------------
1 | 1 | -1| 1 | 1 | 0 | 0 | 0 | 
---------------------------------
0 | -1| 0 | -1| -1| -1| -1| 0 | 
---------------------------------
0 | 0 | 0 | 0 | 0 | -2| 0 | -1| 
---------------------------------
-1| 0 | 0 | 0 | 0 | 0 | 0 | 0 | 
---------------------------------
-4| -2| -3| -5| -6| -3| -4| 0 | 
---------------------------------
otim 28191
29995 283324 | 2 | 3 | 5 | 6 | 3 | 2 | 4 | 
---------------------------------
0 | 0 | 0 | 0 | 0 | 0 | 0 | 0 | 
---------------------------------
0 | 0 | 1 | 0 | 0 | 1 | 1 | 1 | 
---------------------------------
1 | 1 | -1| 1 | 1 | 0 | 0 | 0 | 
---------------------------------
0 | -1| 0 | -1| -1| -1| -1| 0 | 
---------------------------------
0 | 0 | 0 | 0 | 0 | -2| 0 | -1| 
---------------------------------
-1| 0 | 0 | 0 | 0 | 0 | 0 | 0 | 
---------------------------------
-4| -2| -3| -5| -6| -3| -4| 0 | 
---------------------------------
f3e5
29995 281914 | 2 | 3 | 5 | 6 | 3 | 2 | 4 | 
---------------------------------
0 | 0 | 0 | 0 | 0 | 0 | 0 | 0 | 
---------------------------------
0 | 0 | 1 | 0 | 0 | 0 | 1 | 1 | 
---------------------------------
1 | 1 | -1| 1 | -2| 1 | 0 | 0 | 
---------------------------------
0 | -1| 0 | -1| -1| -1| -1| 0 | 
---------------------------------
0 | 0 | 0 | 0 | 0 | 0 | 0 | -1| 
---------------------------------
-1| 0 | 0 | 0 | 0 | 0 | 0 | 0 | 
---------------------------------
-4| -2| -3| -5| -6| -3| -4| 0 | 
---------------------------------
time 29995
29995 281914 | 2 | 3 | 5 | 6 | 3 | 2 | 4 | 
---------------------------------
0 | 0 | 0 | 0 | 0 | 0 | 0 | 0 | 
---------------------------------
0 | 0 | 1 | 0 | 0 | 0 | 1 | 1 | 
---------------------------------
1 | 1 | -1| 1 | -2| 1 | 0 | 0 | 
---------------------------------
0 | -1| 0 | -1| -1| -1| -1| 0 | 
---------------------------------
0 | 0 | 0 | 0 | 0 | 0 | 0 | -1| 
---------------------------------
-1| 0 | 0 | 0 | 0 | 0 | 0 | 0 | 
---------------------------------
-4| -2| -3| -5| -6| -3| -4| 0 | 
---------------------------------
otim 28029
29995 281914 | 2 | 3 | 5 | 6 | 3 | 2 | 4 | 
---------------------------------
0 | 0 | 0 | 0 | 0 | 0 | 0 | 0 | 
---------------------------------
0 | 0 | 1 | 0 | 0 | 0 | 1 | 1 | 
---------------------------------
1 | 1 | -1| 1 | -2| 1 | 0 | 0 | 
---------------------------------
0 | -1| 0 | -1| -1| -1| -1| 0 | 
---------------------------------
0 | 0 | 0 | 0 | 0 | 0 | 0 | -1| 
---------------------------------
-1| 0 | 0 | 0 | 0 | 0 | 0 | 0 | 
---------------------------------
-4| -2| -3| -5| -6| -3| -4| 0 | 
---------------------------------
g4f5
29995 280294 | 2 | 3 | 5 | 6 | 3 | 2 | 4 | 
---------------------------------
0 | 0 | 0 | 0 | 0 | 0 | 0 | 0 | 
---------------------------------
0 | 0 | 1 | 0 | 0 | 0 | 0 | 1 | 
---------------------------------
1 | 1 | -1| 1 | -2| -1| 1 | 0 | 
---------------------------------
0 | -1| 0 | -1| -1| -1| 0 | 0 | 
---------------------------------
0 | 0 | 0 | 0 | 0 | 0 | 0 | -1| 
---------------------------------
-1| 0 | 0 | 0 | 0 | 0 | 0 | 0 | 
---------------------------------
-4| -2| -3| -5| -6| -3| -4| 0 | 
---------------------------------
time 29995
29995 280294 | 2 | 3 | 5 | 6 | 3 | 2 | 4 | 
---------------------------------
0 | 0 | 0 | 0 | 0 | 0 | 0 | 0 | 
---------------------------------
0 | 0 | 1 | 0 | 0 | 0 | 0 | 1 | 
---------------------------------
1 | 1 | -1| 1 | -2| -1| 1 | 0 | 
---------------------------------
0 | -1| 0 | -1| -1| -1| 0 | 0 | 
---------------------------------
0 | 0 | 0 | 0 | 0 | 0 | 0 | -1| 
---------------------------------
-1| 0 | 0 | 0 | 0 | 0 | 0 | 0 | 
---------------------------------
-4| -2| -3| -5| -6| -3| -4| 0 | 
---------------------------------
otim 27876
29995 280294 | 2 | 3 | 5 | 6 | 3 | 2 | 4 | 
---------------------------------
0 | 0 | 0 | 0 | 0 | 0 | 0 | 0 | 
---------------------------------
0 | 0 | 1 | 0 | 0 | 0 | 0 | 1 | 
---------------------------------
1 | 1 | -1| 1 | -2| -1| 1 | 0 | 
---------------------------------
0 | -1| 0 | -1| -1| -1| 0 | 0 | 
---------------------------------
0 | 0 | 0 | 0 | 0 | 0 | 0 | -1| 
---------------------------------
-1| 0 | 0 | 0 | 0 | 0 | 0 | 0 | 
---------------------------------
-4| -2| -3| -5| -6| -3| -4| 0 | 
---------------------------------
h3h4
29995 278764 | 2 | 3 | 5 | 6 | 3 | 2 | 4 | 
---------------------------------
0 | 0 | 0 | 0 | 0 | 0 | 0 | 0 | 
---------------------------------
0 | 0 | 1 | 0 | 0 | 0 | 0 | 0 | 
---------------------------------
1 | 1 | -1| 1 | -2| -1| 1 | 1 | 
---------------------------------
0 | -1| 0 | -1| -1| -1| 0 | -1| 
---------------------------------
0 | 0 | 0 | 0 | 0 | 0 | 0 | 0 | 
---------------------------------
-1| 0 | 0 | 0 | 0 | 0 | 0 | 0 | 
---------------------------------
-4| -2| -3| -5| -6| -3| -4| 0 | 
---------------------------------
time 29994
29995 278764 | 2 | 3 | 5 | 6 | 3 | 2 | 4 | 
---------------------------------
0 | 0 | 0 | 0 | 0 | 0 | 0 | 0 | 
---------------------------------
0 | 0 | 1 | 0 | 0 | 0 | 0 | 0 | 
---------------------------------
1 | 1 | -1| 1 | -2| -1| 1 | 1 | 
---------------------------------
0 | -1| 0 | -1| -1| -1| 0 | -1| 
---------------------------------
0 | 0 | 0 | 0 | 0 | 0 | 0 | 0 | 
---------------------------------
-1| 0 | 0 | 0 | 0 | 0 | 0 | 0 | 
---------------------------------
-4| -2| -3| -5| -6| -3| -4| 0 | 
---------------------------------
otim 27706
29994 278764 | 2 | 3 | 5 | 6 | 3 | 2 | 4 | 
---------------------------------
0 | 0 | 0 | 0 | 0 | 0 | 0 | 0 | 
---------------------------------
0 | 0 | 1 | 0 | 0 | 0 | 0 | 0 | 
---------------------------------
1 | 1 | -1| 1 | -2| -1| 1 | 1 | 
---------------------------------
0 | -1| 0 | -1| -1| -1| 0 | -1| 
---------------------------------
0 | 0 | 0 | 0 | 0 | 0 | 0 | 0 | 
---------------------------------
-1| 0 | 0 | 0 | 0 | 0 | 0 | 0 | 
---------------------------------
-4| -2| -3| -5| -6| -3| -4| 0 | 
---------------------------------
g1g5
29994 277064 | 2 | 3 | 5 | 6 | 3 | 2 | 4 | 
---------------------------------
0 | 0 | 0 | 0 | 0 | 0 | 0 | 0 | 
---------------------------------
0 | 0 | 1 | 0 | 0 | 0 | 0 | 0 | 
---------------------------------
0 | 1 | -1| 1 | -2| -1| -4| 1 | 
---------------------------------
1 | -1| 0 | -1| -1| -1| 0 | -1| 
---------------------------------
0 | 0 | 0 | 0 | 0 | 0 | 0 | 0 | 
---------------------------------
-1| 0 | 0 | 0 | 0 | 0 | 0 | 0 | 
---------------------------------
-4| -2| -3| -5| -6| -3| 0 | 0 | 
---------------------------------
time 29994
29994 277064 | 2 | 3 | 5 | 6 | 3 | 2 | 4 | 
---------------------------------
0 | 0 | 0 | 0 | 0 | 0 | 0 | 0 | 
---------------------------------
0 | 0 | 1 | 0 | 0 | 0 | 0 | 0 | 
---------------------------------
0 | 1 | -1| 1 | -2| -1| -4| 1 | 
---------------------------------
1 | -1| 0 | -1| -1| -1| 0 | -1| 
---------------------------------
0 | 0 | 0 | 0 | 0 | 0 | 0 | 0 | 
---------------------------------
-1| 0 | 0 | 0 | 0 | 0 | 0 | 0 | 
---------------------------------
-4| -2| -3| -5| -6| -3| 0 | 0 | 
---------------------------------
otim 27466
29994 277064 | 2 | 3 | 5 | 6 | 3 | 2 | 4 | 
---------------------------------
0 | 0 | 0 | 0 | 0 | 0 | 0 | 0 | 
---------------------------------
0 | 0 | 1 | 0 | 0 | 0 | 0 | 0 | 
---------------------------------
0 | 1 | -1| 1 | -2| -1| -4| 1 | 
---------------------------------
1 | -1| 0 | -1| -1| -1| 0 | -1| 
---------------------------------
0 | 0 | 0 | 0 | 0 | 0 | 0 | 0 | 
---------------------------------
-1| 0 | 0 | 0 | 0 | 0 | 0 | 0 | 
---------------------------------
-4| -2| -3| -5| -6| -3| 0 | 0 | 
---------------------------------
g5g8
29994 274664 | 2 | 3 | 5 | 6 | 3 | -4| 4 | 
---------------------------------
0 | 0 | 0 | 0 | 0 | 0 | 0 | 0 | 
---------------------------------
0 | 0 | 1 | 0 | 0 | 0 | 0 | 0 | 
---------------------------------
0 | 1 | -1| 0 | -2| -1| 0 | 1 | 
---------------------------------
1 | -1| 0 | -1| 1 | -1| 0 | -1| 
---------------------------------
0 | 0 | 0 | 0 | 0 | 0 | 0 | 0 | 
---------------------------------
-1| 0 | 0 | 0 | 0 | 0 | 0 | 0 | 
---------------------------------
-4| -2| -3| -5| -6| -3| 0 | 0 | 
---------------------------------
time 29994
29994 274664 | 2 | 3 | 5 | 6 | 3 | -4| 4 | 
---------------------------------
0 | 0 | 0 | 0 | 0 | 0 | 0 | 0 | 
---------------------------------
0 | 0 | 1 | 0 | 0 | 0 | 0 | 0 | 
---------------------------------
0 | 1 | -1| 0 | -2| -1| 0 | 1 | 
---------------------------------
1 | -1| 0 | -1| 1 | -1| 0 | -1| 
---------------------------------
0 | 0 | 0 | 0 | 0 | 0 | 0 | 0 | 
---------------------------------
-1| 0 | 0 | 0 | 0 | 0 | 0 | 0 | 
---------------------------------
-4| -2| -3| -5| -6| -3| 0 | 0 | 
---------------------------------
otim 21997
29994 274664 | 2 | 3 | 5 | 6 | 3 | -4| 4 | 
---------------------------------
0 | 0 | 0 | 0 | 0 | 0 | 0 | 0 | 
---------------------------------
0 | 0 | 1 | 0 | 0 | 0 | 0 | 0 | 
---------------------------------
0 | 1 | -1| 0 | -2| -1| 0 | 1 | 
---------------------------------
1 | -1| 0 | -1| 1 | -1| 0 | -1| 
---------------------------------
0 | 0 | 0 | 0 | 0 | 0 | 0 | 0 | 
---------------------------------
-1| 0 | 0 | 0 | 0 | 0 | 0 | 0 | 
---------------------------------
-4| -2| -3| -5| -6| -3| 0 | 0 | 
---------------------------------
d1d2
29994 219974 | 2 | 3 | 5 | 6 | 3 | -4| 4 | 
---------------------------------
0 | 0 | 0 | 0 | 0 | 0 | 0 | 0 | 
---------------------------------
0 | 0 | 1 | 0 | 0 | 0 | 0 | 0 | 
---------------------------------
0 | 1 | -1| 0 | -2| -1| 0 | 1 | 
---------------------------------
0 | -1| 0 | -1| 1 | -1| 0 | -1| 
---------------------------------
1 | 0 | 0 | 0 | 0 | 0 | 0 | 0 | 
---------------------------------
-1| 0 | 0 | -5| 0 | 0 | 0 | 0 | 
---------------------------------
-4| -2| -3| 0 | -6| -3| 0 | 0 | 
---------------------------------
time 29993
29994 219974 | 2 | 3 | 5 | 6 | 3 | -4| 4 | 
---------------------------------
0 | 0 | 0 | 0 | 0 | 0 | 0 | 0 | 
---------------------------------
0 | 0 | 1 | 0 | 0 | 0 | 0 | 0 | 
---------------------------------
0 | 1 | -1| 0 | -2| -1| 0 | 1 | 
---------------------------------
0 | -1| 0 | -1| 1 | -1| 0 | -1| 
---------------------------------
1 | 0 | 0 | 0 | 0 | 0 | 0 | 0 | 
---------------------------------
-1| 0 | 0 | -5| 0 | 0 | 0 | 0 | 
---------------------------------
-4| -2| -3| 0 | -6| -3| 0 | 0 | 
---------------------------------
otim 21829
29993 219974 | 2 | 3 | 5 | 6 | 3 | -4| 4 | 
---------------------------------
0 | 0 | 0 | 0 | 0 | 0 | 0 | 0 | 
---------------------------------
0 | 0 | 1 | 0 | 0 | 0 | 0 | 0 | 
---------------------------------
0 | 1 | -1| 0 | -2| -1| 0 | 1 | 
---------------------------------
0 | -1| 0 | -1| 1 | -1| 0 | -1| 
---------------------------------
1 | 0 | 0 | 0 | 0 | 0 | 0 | 0 | 
---------------------------------
-1| 0 | 0 | -5| 0 | 0 | 0 | 0 | 
---------------------------------
-4| -2| -3| 0 | -6| -3| 0 | 0 | 
---------------------------------
b1a3
29993 218294 | 2 | 3 | 5 | 6 | 3 | -4| 4 | 
---------------------------------
0 | 0 | 0 | 0 | 0 | 0 | 0 | 0 | 
---------------------------------
0 | 0 | 1 | 0 | 0 | 0 | 0 | 0 | 
---------------------------------
0 | 1 | -1| 0 | -2| -1| 0 | 1 | 
---------------------------------
0 | -1| 0 | -1| 0 | -1| 0 | -1| 
---------------------------------
-2| 0 | 0 | 0 | 1 | 0 | 0 | 0 | 
---------------------------------
-1| 0 | 0 | -5| 0 | 0 | 0 | 0 | 
---------------------------------
-4| 0 | -3| 0 | -6| -3| 0 | 0 | 
---------------------------------
time 29993
29993 218294 | 2 | 3 | 5 | 6 | 3 | -4| 4 | 
---------------------------------
0 | 0 | 0 | 0 | 0 | 0 | 0 | 0 | 
---------------------------------
0 | 0 | 1 | 0 | 0 | 0 | 0 | 0 | 
---------------------------------
0 | 1 | -1| 0 | -2| -1| 0 | 1 | 
---------------------------------
0 | -1| 0 | -1| 0 | -1| 0 | -1| 
---------------------------------
-2| 0 | 0 | 0 | 1 | 0 | 0 | 0 | 
---------------------------------
-1| 0 | 0 | -5| 0 | 0 | 0 | 0 | 
---------------------------------
-4| 0 | -3| 0 | -6| -3| 0 | 0 | 
---------------------------------
otim 21666
29993 218294 | 2 | 3 | 5 | 6 | 3 | -4| 4 | 
---------------------------------
0 | 0 | 0 | 0 | 0 | 0 | 0 | 0 | 
---------------------------------
0 | 0 | 1 | 0 | 0 | 0 | 0 | 0 | 
---------------------------------
0 | 1 | -1| 0 | -2| -1| 0 | 1 | 
---------------------------------
0 | -1| 0 | -1| 0 | -1| 0 | -1| 
---------------------------------
-2| 0 | 0 | 0 | 1 | 0 | 0 | 0 | 
---------------------------------
-1| 0 | 0 | -5| 0 | 0 | 0 | 0 | 
---------------------------------
-4| 0 | -3| 0 | -6| -3| 0 | 0 | 
---------------------------------
d2e3
29993 216664 | 2 | 3 | 5 | 6 | 3 | -4| 4 | 
---------------------------------
0 | 0 | 0 | 0 | 0 | 0 | 0 | 0 | 
---------------------------------
0 | 0 | 1 | 0 | 0 | 0 | 0 | 0 | 
---------------------------------
0 | 1 | -1| 0 | -2| -1| 0 | 1 | 
---------------------------------
0 | -1| 0 | -1| 0 | -1| 0 | -1| 
---------------------------------
-2| 0 | 0 | 0 | -5| 0 | 0 | 0 | 
---------------------------------
-1| 0 | 0 | 0 | 0 | 0 | 0 | 0 | 
---------------------------------
-4| 0 | -3| 0 | -6| -3| 0 | 0 | 
---------------------------------
result * {xboard exit}
29993 216664 | 2 | 3 | 5 | 6 | 3 | -4| 4 | 
---------------------------------
0 | 0 | 0 | 0 | 0 | 0 | 0 | 0 | 
---------------------------------
0 | 0 | 1 | 0 | 0 | 0 | 0 | 0 | 
---------------------------------
0 | 1 | -1| 0 | -2| -1| 0 | 1 | 
---------------------------------
0 | -1| 0 | -1| 0 | -1| 0 | -1| 
---------------------------------
-2| 0 | 0 | 0 | -5| 0 | 0 | 0 | 
---------------------------------
-1| 0 | 0 | 0 | 0 | 0 | 0 | 0 | 
---------------------------------
-4| 0 | -3| 0 | -6| -3| 0 | 0 | 
---------------------------------
force
29993 216664 | 2 | 3 | 5 | 6 | 3 | -4| 4 | 
---------------------------------
0 | 0 | 0 | 0 | 0 | 0 | 0 | 0 | 
---------------------------------
0 | 0 | 1 | 0 | 0 | 0 | 0 | 0 | 
---------------------------------
0 | 1 | -1| 0 | -2| -1| 0 | 1 | 
---------------------------------
0 | -1| 0 | -1| 0 | -1| 0 | -1| 
---------------------------------
-2| 0 | 0 | 0 | -5| 0 | 0 | 0 | 
---------------------------------
-1| 0 | 0 | 0 | 0 | 0 | 0 | 0 | 
---------------------------------
-4| 0 | -3| 0 | -6| -3| 0 | 0 | 
---------------------------------
quit
29993 216664 | 2 | 3 | 5 | 6 | 3 | -4| 4 | 
---------------------------------
0 | 0 | 0 | 0 | 0 | 0 | 0 | 0 | 
---------------------------------
0 | 0 | 1 | 0 | 0 | 0 | 0 | 0 | 
---------------------------------
0 | 1 | -1| 0 | -2| -1| 0 | 1 | 
---------------------------------
0 | -1| 0 | -1| 0 | -1| 0 | -1| 
---------------------------------
-2| 0 | 0 | 0 | -5| 0 | 0 | 0 | 
---------------------------------
-1| 0 | 0 | 0 | 0 | 0 | 0 | 0 | 
---------------------------------
-4| 0 | -3| 0 | -6| -3| 0 | 0 | 
---------------------------------
